mtllib material.mtl
usemtl material_0
v 1.02864600 0.04115500 1.27780400
v 1.02864600 0.04115500 1.27780400
v 1.02864600 0.04115500 1.27780400
v 1.02864600 0.24319900 1.27780400
v 1.02864600 0.24319900 1.27780400
v 1.02864600 0.24319900 1.27780400
v 1.00208000 0.04115500 0.99629600
v 1.00208000 0.04115500 0.99629600
v 1.00208000 0.04115500 0.99629600
v 1.00208000 0.24319900 0.99629600
v 1.00208000 0.24319900 0.99629600
v 1.00208000 0.24319900 0.99629600
v 1.02019600 0.04115500 1.27860100
v 1.02019600 0.04115500 1.27860100
v 1.02019600 0.04115500 1.27860100
v 1.02132300 0.24446100 1.27849500
v 1.02132300 0.24446100 1.27849500
v 1.02132300 0.24446100 1.27849500
v 0.99363000 0.04115500 0.99709300
v 0.99363000 0.04115500 0.99709300
v 0.99363000 0.04115500 0.99709300
v 0.99475700 0.24446100 0.99698700
v 0.99475700 0.24446100 0.99698700
v 0.99475700 0.24446100 0.99698700
v 1.02751900 0.24446100 1.27791000
v 1.02751900 0.24446100 1.27791000
v 1.02751900 0.24446100 1.27791000
v 1.00095200 0.24446100 0.99640200
v 1.00095200 0.24446100 0.99640200
v 1.00095200 0.24446100 0.99640200
v 1.02019600 0.24319900 1.27860100
v 1.02019600 0.24319900 1.27860100
v 1.02019600 0.24319900 1.27860100
v 0.99363000 0.24319900 0.99709300
v 0.99363000 0.24319900 0.99709300
v 0.99363000 0.24319900 0.99709300
v 1.02836400 0.24414500 1.27783000
v 1.02836400 0.24414500 1.27783000
v 1.02836400 0.24414500 1.27783000
v 1.00179800 0.24414500 0.99632300
v 1.00179800 0.24414500 0.99632300
v 1.00179800 0.24414500 0.99632300
v 1.02047800 0.24414500 1.27857500
v 1.02047800 0.24414500 1.27857500
v 1.02047800 0.24414500 1.27857500
v 0.99391100 0.24414500 0.99706700
v 0.99391100 0.24414500 0.99706700
v 0.99391100 0.24414500 0.99706700
v 1.12758000 0.03872600 0.80935400
v 1.12758000 0.03872600 0.80935400
v 1.12758000 0.03872600 0.80935400
v 1.12758000 0.24077000 0.80935400
v 1.12758000 0.24077000 0.80935400
v 1.12758000 0.24077000 0.80935400
v 0.84482900 0.03872600 0.81139500
v 0.84482900 0.03872600 0.81139500
v 0.84482900 0.03872600 0.81139500
v 0.84482900 0.24077000 0.81139500
v 0.84482900 0.24077000 0.81139500
v 0.84482900 0.24077000 0.81139500
v 1.12764100 0.03872600 0.81784200
v 1.12764100 0.03872600 0.81784200
v 1.12764100 0.03872600 0.81784200
v 1.12763300 0.24203200 0.81670900
v 1.12763300 0.24203200 0.81670900
v 1.12763300 0.24203200 0.81670900
v 0.84489000 0.03872600 0.81988200
v 0.84489000 0.03872600 0.81988200
v 0.84489000 0.03872600 0.81988200
v 0.84488200 0.24203200 0.81875000
v 0.84488200 0.24203200 0.81875000
v 0.84488200 0.24203200 0.81875000
v 1.12758800 0.24203200 0.81048700
v 1.12758800 0.24203200 0.81048700
v 1.12758800 0.24203200 0.81048700
v 0.84483700 0.24203200 0.81252700
v 0.84483700 0.24203200 0.81252700
v 0.84483700 0.24203200 0.81252700
v 1.12764100 0.24077000 0.81784200
v 1.12764100 0.24077000 0.81784200
v 1.12764100 0.24077000 0.81784200
v 0.84489000 0.24077000 0.81988200
v 0.84489000 0.24077000 0.81988200
v 0.84489000 0.24077000 0.81988200
v 1.12758200 0.24171600 0.80963800
v 1.12758200 0.24171600 0.80963800
v 1.12758200 0.24171600 0.80963800
v 0.84483100 0.24171600 0.81167800
v 0.84483100 0.24171600 0.81167800
v 0.84483100 0.24171600 0.81167800
v 1.12763900 0.24171600 0.81755900
v 1.12763900 0.24171600 0.81755900
v 1.12763900 0.24171600 0.81755900
v 0.84488800 0.24171600 0.81959900
v 0.84488800 0.24171600 0.81959900
v 0.84488800 0.24171600 0.81959900
v 0.64903800 0.07186700 1.31934600
v 0.64903800 0.07186700 1.31934600
v 0.64903800 0.07186700 1.31934600
v 0.64903800 0.27391200 1.31934600
v 0.64903800 0.27391200 1.31934600
v 0.64903800 0.27391200 1.31934600
v 0.58904700 0.07186700 1.04302500
v 0.58904700 0.07186700 1.04302500
v 0.58904700 0.07186700 1.04302500
v 0.58904700 0.27391200 1.04302500
v 0.58904700 0.27391200 1.04302500
v 0.58904700 0.27391200 1.04302500
v 0.64074400 0.07186700 1.32114700
v 0.64074400 0.07186700 1.32114700
v 0.64074400 0.07186700 1.32114700
v 0.64185000 0.27517300 1.32090700
v 0.64185000 0.27517300 1.32090700
v 0.64185000 0.27517300 1.32090700
v 0.58075300 0.07186700 1.04482500
v 0.58075300 0.07186700 1.04482500
v 0.58075300 0.07186700 1.04482500
v 0.58185900 0.27517300 1.04458500
v 0.58185900 0.27517300 1.04458500
v 0.58185900 0.27517300 1.04458500
v 0.64793200 0.27517300 1.31958600
v 0.64793200 0.27517300 1.31958600
v 0.64793200 0.27517300 1.31958600
v 0.58794000 0.27517300 1.04326500
v 0.58794000 0.27517300 1.04326500
v 0.58794000 0.27517300 1.04326500
v 0.64074400 0.27391200 1.32114700
v 0.64074400 0.27391200 1.32114700
v 0.64074400 0.27391200 1.32114700
v 0.58075300 0.27391200 1.04482500
v 0.58075300 0.27391200 1.04482500
v 0.58075300 0.27391200 1.04482500
v 0.64876200 0.27485800 1.31940700
v 0.64876200 0.27485800 1.31940700
v 0.64876200 0.27485800 1.31940700
v 0.58877100 0.27485800 1.04308500
v 0.58877100 0.27485800 1.04308500
v 0.58877100 0.27485800 1.04308500
v 0.64102000 0.27485800 1.32108700
v 0.64102000 0.27485800 1.32108700
v 0.64102000 0.27485800 1.32108700
v 0.58102900 0.27485800 1.04476500
v 0.58102900 0.27485800 1.04476500
v 0.58102900 0.27485800 1.04476500
v 0.74728500 0.03352700 1.31958900
v 0.74728500 0.03352700 1.31958900
v 0.74728500 0.03352700 1.31958900
v 0.74728500 0.23557200 1.31958900
v 0.74728500 0.23557200 1.31958900
v 0.74728500 0.23557200 1.31958900
v 0.69380900 0.03352700 1.04193300
v 0.69380900 0.03352700 1.04193300
v 0.69380900 0.03352700 1.04193300
v 0.69380900 0.23557200 1.04193300
v 0.69380900 0.23557200 1.04193300
v 0.69380900 0.23557200 1.04193300
v 0.73895000 0.03352700 1.32119400
v 0.73895000 0.03352700 1.32119400
v 0.73895000 0.03352700 1.32119400
v 0.74006200 0.23683300 1.32098000
v 0.74006200 0.23683300 1.32098000
v 0.74006200 0.23683300 1.32098000
v 0.68547400 0.03352700 1.04353800
v 0.68547400 0.03352700 1.04353800
v 0.68547400 0.03352700 1.04353800
v 0.68658600 0.23683300 1.04332400
v 0.68658600 0.23683300 1.04332400
v 0.68658600 0.23683300 1.04332400
v 0.74617300 0.23683300 1.31980300
v 0.74617300 0.23683300 1.31980300
v 0.74617300 0.23683300 1.31980300
v 0.69269700 0.23683300 1.04214700
v 0.69269700 0.23683300 1.04214700
v 0.69269700 0.23683300 1.04214700
v 0.73895000 0.23557200 1.32119400
v 0.73895000 0.23557200 1.32119400
v 0.73895000 0.23557200 1.32119400
v 0.68547500 0.23557200 1.04353800
v 0.68547500 0.23557200 1.04353800
v 0.68547500 0.23557200 1.04353800
v 0.74700700 0.23651800 1.31964200
v 0.74700700 0.23651800 1.31964200
v 0.74700700 0.23651800 1.31964200
v 0.69353100 0.23651800 1.04198600
v 0.69353100 0.23651800 1.04198600
v 0.69353100 0.23651800 1.04198600
v 0.73922800 0.23651800 1.32114000
v 0.73922800 0.23651800 1.32114000
v 0.73922800 0.23651800 1.32114000
v 0.68575300 0.23651800 1.04348500
v 0.68575300 0.23651800 1.04348500
v 0.68575300 0.23651800 1.04348500
v 0.21819400 0.04238600 1.32708000
v 0.21819400 0.04238600 1.32708000
v 0.21819400 0.04238600 1.32708000
v 0.21819400 0.24443000 1.32708000
v 0.21819400 0.24443000 1.32708000
v 0.21819400 0.24443000 1.32708000
v 0.19162800 0.04238600 1.04557200
v 0.19162800 0.04238600 1.04557200
v 0.19162800 0.04238600 1.04557200
v 0.19162800 0.24443000 1.04557100
v 0.19162800 0.24443000 1.04557100
v 0.19162800 0.24443000 1.04557100
v 0.20974400 0.04238600 1.32787700
v 0.20974400 0.04238600 1.32787700
v 0.20974400 0.04238600 1.32787700
v 0.21087200 0.24569200 1.32777000
v 0.21087200 0.24569200 1.32777000
v 0.21087200 0.24569200 1.32777000
v 0.18317800 0.04238600 1.04636900
v 0.18317800 0.04238600 1.04636900
v 0.18317800 0.04238600 1.04636900
v 0.18430500 0.24569200 1.04626300
v 0.18430500 0.24569200 1.04626300
v 0.18430500 0.24569200 1.04626300
v 0.21706700 0.24569200 1.32718600
v 0.21706700 0.24569200 1.32718600
v 0.21706700 0.24569200 1.32718600
v 0.19050100 0.24569200 1.04567800
v 0.19050100 0.24569200 1.04567800
v 0.19050100 0.24569200 1.04567800
v 0.20974400 0.24443000 1.32787700
v 0.20974400 0.24443000 1.32787700
v 0.20974400 0.24443000 1.32787700
v 0.18317800 0.24443000 1.04636900
v 0.18317800 0.24443000 1.04636900
v 0.18317800 0.24443000 1.04636900
v 0.21791200 0.24537700 1.32710600
v 0.21791200 0.24537700 1.32710600
v 0.21791200 0.24537700 1.32710600
v 0.19134600 0.24537700 1.04559800
v 0.19134600 0.24537700 1.04559800
v 0.19134600 0.24537700 1.04559800
v 0.21002600 0.24537700 1.32785000
v 0.21002600 0.24537700 1.32785000
v 0.21002600 0.24537700 1.32785000
v 0.18346000 0.24537700 1.04634200
v 0.18346000 0.24537700 1.04634200
v 0.18346000 0.24537700 1.04634200
v 0.10420200 0.04238600 0.98488500
v 0.10420200 0.04238600 0.98488500
v 0.10420200 0.04238600 0.98488500
v 0.10420200 0.24443100 0.98488500
v 0.10420200 0.24443100 0.98488500
v 0.10420200 0.24443100 0.98488500
v 0.07763500 0.04238600 0.70337700
v 0.07763500 0.04238600 0.70337700
v 0.07763500 0.04238600 0.70337700
v 0.07763500 0.24443000 0.70337700
v 0.07763500 0.24443000 0.70337700
v 0.07763500 0.24443000 0.70337700
v 0.09575200 0.04238600 0.98568200
v 0.09575200 0.04238600 0.98568200
v 0.09575200 0.04238600 0.98568200
v 0.09687900 0.24569200 0.98557600
v 0.09687900 0.24569200 0.98557600
v 0.09687900 0.24569200 0.98557600
v 0.06918500 0.04238600 0.70417400
v 0.06918500 0.04238600 0.70417400
v 0.06918500 0.04238600 0.70417400
v 0.07031300 0.24569200 0.70406800
v 0.07031300 0.24569200 0.70406800
v 0.07031300 0.24569200 0.70406800
v 0.10307400 0.24569200 0.98499100
v 0.10307400 0.24569200 0.98499100
v 0.10307400 0.24569200 0.98499100
v 0.07650800 0.24569200 0.70348300
v 0.07650800 0.24569200 0.70348300
v 0.07650800 0.24569200 0.70348300
v 0.09575200 0.24443000 0.98568200
v 0.09575200 0.24443000 0.98568200
v 0.09575200 0.24443000 0.98568200
v 0.06918500 0.24443000 0.70417400
v 0.06918500 0.24443000 0.70417400
v 0.06918500 0.24443000 0.70417400
v 0.10392000 0.24537700 0.98491200
v 0.10392000 0.24537700 0.98491200
v 0.10392000 0.24537700 0.98491200
v 0.07735300 0.24537700 0.70340300
v 0.07735300 0.24537700 0.70340300
v 0.07735300 0.24537700 0.70340300
v 0.09603300 0.24537700 0.98565600
v 0.09603300 0.24537700 0.98565600
v 0.09603300 0.24537700 0.98565600
v 0.06946700 0.24537700 0.70414800
v 0.06946700 0.24537700 0.70414800
v 0.06946700 0.24537700 0.70414800
v 0.75512200 0.04107700 1.95442700
v 0.75512200 0.04107700 1.95442700
v 0.75512200 0.04107700 1.95442700
v 0.75512200 0.24312100 1.95442700
v 0.75512200 0.24312100 1.95442700
v 0.75512200 0.24312100 1.95442700
v 0.72659100 0.04107700 1.67311100
v 0.72659100 0.04107700 1.67311100
v 0.72659100 0.04107700 1.67311100
v 0.72659100 0.24312100 1.67311100
v 0.72659100 0.24312100 1.67311100
v 0.72659100 0.24312100 1.67311100
v 0.74667800 0.04107700 1.95528300
v 0.74667800 0.04107700 1.95528300
v 0.74667800 0.04107700 1.95528300
v 0.74780500 0.24438300 1.95516900
v 0.74780500 0.24438300 1.95516900
v 0.74780500 0.24438300 1.95516900
v 0.71814700 0.04107700 1.67396700
v 0.71814700 0.04107700 1.67396700
v 0.71814700 0.04107700 1.67396700
v 0.71927400 0.24438300 1.67385300
v 0.71927400 0.24438300 1.67385300
v 0.71927400 0.24438300 1.67385300
v 0.75399600 0.24438300 1.95454100
v 0.75399600 0.24438300 1.95454100
v 0.75399600 0.24438300 1.95454100
v 0.72546500 0.24438300 1.67322600
v 0.72546500 0.24438300 1.67322600
v 0.72546500 0.24438300 1.67322600
v 0.74667800 0.24312100 1.95528300
v 0.74667800 0.24312100 1.95528300
v 0.74667800 0.24312100 1.95528300
v 0.71814700 0.24312100 1.67396800
v 0.71814700 0.24312100 1.67396800
v 0.71814700 0.24312100 1.67396800
v 0.75484100 0.24406700 1.95445500
v 0.75484100 0.24406700 1.95445500
v 0.75484100 0.24406700 1.95445500
v 0.72631000 0.24406700 1.67314000
v 0.72631000 0.24406700 1.67314000
v 0.72631000 0.24406700 1.67314000
v 0.74696000 0.24406700 1.95525500
v 0.74696000 0.24406700 1.95525500
v 0.74696000 0.24406700 1.95525500
v 0.71842900 0.24406700 1.67393900
v 0.71842900 0.24406700 1.67393900
v 0.71842900 0.24406700 1.67393900
v -0.84975700 0.04735500 0.95579600
v -0.84975700 0.04735500 0.95579600
v -0.84975700 0.04735500 0.95579600
v -0.84975700 0.24940000 0.95579600
v -0.84975700 0.24940000 0.95579600
v -0.84975700 0.24940000 0.95579600
v -1.13250900 0.04735500 0.95783600
v -1.13250900 0.04735500 0.95783600
v -1.13250900 0.04735500 0.95783600
v -1.13250900 0.24940000 0.95783600
v -1.13250900 0.24940000 0.95783600
v -1.13250900 0.24940000 0.95783600
v -0.84969600 0.04735500 0.96428300
v -0.84969600 0.04735500 0.96428300
v -0.84969600 0.04735500 0.96428300
v -0.84970400 0.25066100 0.96315100
v -0.84970400 0.25066100 0.96315100
v -0.84970400 0.25066100 0.96315100
v -1.13244700 0.04735500 0.96632400
v -1.13244700 0.04735500 0.96632400
v -1.13244700 0.04735500 0.96632400
v -1.13245500 0.25066100 0.96519100
v -1.13245500 0.25066100 0.96519100
v -1.13245500 0.25066100 0.96519100
v -0.84974900 0.25066100 0.95692800
v -0.84974900 0.25066100 0.95692800
v -0.84974900 0.25066100 0.95692800
v -1.13250000 0.25066100 0.95896800
v -1.13250000 0.25066100 0.95896800
v -1.13250000 0.25066100 0.95896800
v -0.84969600 0.24940000 0.96428300
v -0.84969600 0.24940000 0.96428300
v -0.84969600 0.24940000 0.96428300
v -1.13244700 0.24940000 0.96632300
v -1.13244700 0.24940000 0.96632300
v -1.13244700 0.24940000 0.96632300
v -0.84975500 0.25034600 0.95607900
v -0.84975500 0.25034600 0.95607900
v -0.84975500 0.25034600 0.95607900
v -1.13250600 0.25034600 0.95811900
v -1.13250600 0.25034600 0.95811900
v -1.13250600 0.25034600 0.95811900
v -0.84969800 0.25034600 0.96400000
v -0.84969800 0.25034600 0.96400000
v -0.84969800 0.25034600 0.96400000
v -1.13244900 0.25034600 0.96604000
v -1.13244900 0.25034600 0.96604000
v -1.13244900 0.25034600 0.96604000
vn 0.99560000 -0.00000000 -0.09400000
vn -0.00000000 -1.00000000 -0.00000000
vn 0.09400000 -0.00000000 0.99560000
vn 0.99560000 -0.00000000 -0.09400000
vn 0.09320000 -0.00000000 0.99560000
vn 0.95380000 0.28670000 -0.09000000
vn 0.99560000 -0.00000000 -0.09400000
vn -0.09400000 -0.00000000 -0.99560000
vn -0.00000000 -1.00000000 -0.00000000
vn 0.95380000 0.28660000 -0.09000000
vn -0.09400000 -0.00000000 -0.99560000
vn 0.99560000 -0.00000000 -0.09400000
vn -0.00000000 -1.00000000 -0.00000000
vn -0.99560000 -0.00000000 0.09400000
vn 0.09400000 -0.00000000 0.99560000
vn 0.09400000 -0.00050000 0.99560000
vn -0.34650000 0.93750000 0.03270000
vn -0.00000000 1.00000000 -0.00000000
vn -0.99560000 -0.00000000 0.09400000
vn -0.09400000 -0.00000000 -0.99560000
vn -0.00000000 -1.00000000 -0.00000000
vn -0.09380000 -0.00000000 -0.99560000
vn -0.00000000 1.00000000 -0.00000000
vn -0.34650000 0.93750000 0.03270000
vn 0.09400000 -0.00000000 0.99560000
vn 0.34660000 0.93740000 -0.03270000
vn -0.00000000 1.00000000 -0.00000000
vn 0.34660000 0.93750000 -0.03270000
vn -0.00000000 1.00000000 -0.00000000
vn -0.09400000 -0.00000000 -0.99560000
vn 0.09400000 -0.00000000 0.99560000
vn -0.95380000 0.28660000 0.09000000
vn -0.99560000 -0.00000000 0.09400000
vn -0.09410000 -0.00000000 -0.99560000
vn -0.99560000 -0.00000000 0.09400000
vn -0.95380000 0.28660000 0.09000000
vn 0.34660000 0.93740000 -0.03270000
vn 0.09390000 -0.00000000 0.99560000
vn 0.95380000 0.28670000 -0.09000000
vn 0.95380000 0.28660000 -0.09000000
vn -0.09400000 -0.00000000 -0.99560000
vn 0.34660000 0.93750000 -0.03270000
vn -0.95380000 0.28660000 0.09000000
vn -0.34650000 0.93750000 0.03270000
vn 0.09400000 -0.00000000 0.99560000
vn -0.09370000 -0.00000000 -0.99560000
vn -0.34650000 0.93750000 0.03270000
vn -0.95380000 0.28660000 0.09000000
vn 1.00000000 -0.00000000 -0.00720000
vn -0.00720000 -0.00000000 -1.00000000
vn -0.00000000 -1.00000000 -0.00000000
vn 1.00000000 -0.00000000 -0.00700000
vn -0.00720000 -0.00000000 -1.00000000
vn -0.00690000 0.28670000 -0.95800000
vn -0.00720000 -0.00000000 -1.00000000
vn -0.00000000 -1.00000000 -0.00000000
vn -1.00000000 -0.00000000 0.00720000
vn -0.00690000 0.28650000 -0.95810000
vn -0.00720000 -0.00000000 -1.00000000
vn -1.00000000 -0.00000000 0.00720000
vn 0.00720000 -0.00000000 1.00000000
vn -0.00000000 -1.00000000 -0.00000000
vn 1.00000000 -0.00000000 -0.00720000
vn 0.00250000 0.93750000 0.34810000
vn -0.00000000 1.00000000 -0.00000000
vn 1.00000000 0.00030000 -0.00720000
vn -1.00000000 -0.00000000 0.00720000
vn -0.00000000 -1.00000000 -0.00000000
vn 0.00720000 -0.00000000 1.00000000
vn -0.00000000 1.00000000 -0.00000000
vn 0.00250000 0.93740000 0.34810000
vn -1.00000000 -0.00000000 0.00720000
vn -0.00250000 0.93750000 -0.34810000
vn -0.00000000 1.00000000 -0.00000000
vn 1.00000000 -0.00000000 -0.00730000
vn -0.00000000 1.00000000 -0.00000000
vn -1.00000000 -0.00010000 0.00720000
vn -0.00250000 0.93740000 -0.34820000
vn 0.00690000 0.28660000 0.95800000
vn 0.00720000 -0.00000000 1.00000000
vn 1.00000000 -0.00000000 -0.00720000
vn 0.00690000 0.28640000 0.95810000
vn -1.00000000 -0.00000000 0.00780000
vn 0.00720000 -0.00000000 1.00000000
vn -0.00690000 0.28670000 -0.95800000
vn 1.00000000 -0.00000000 -0.00740000
vn -0.00250000 0.93750000 -0.34810000
vn -0.00690000 0.28650000 -0.95810000
vn -1.00000000 -0.00000000 0.00720000
vn -0.00250000 0.93740000 -0.34820000
vn 0.00690000 0.28660000 0.95800000
vn 1.00000000 0.00010000 -0.00720000
vn 0.00250000 0.93750000 0.34810000
vn -1.00000000 -0.00000000 0.00730000
vn 0.00250000 0.93740000 0.34810000
vn 0.00690000 0.28640000 0.95810000
vn -0.00000000 -1.00000000 -0.00000000
vn 0.21220000 -0.00000000 0.97720000
vn 0.97720000 -0.00000000 -0.21220000
vn 0.97720000 -0.00000000 -0.21220000
vn 0.21290000 -0.00000000 0.97710000
vn 0.93620000 0.28660000 -0.20330000
vn -0.00000000 -1.00000000 -0.00000000
vn -0.21220000 -0.00000000 -0.97720000
vn 0.97720000 -0.00000000 -0.21220000
vn 0.97720000 -0.00000000 -0.21220000
vn -0.21220000 0.00010000 -0.97720000
vn 0.93630000 0.28650000 -0.20330000
vn 0.21220000 -0.00000000 0.97720000
vn -0.97720000 -0.00000000 0.21220000
vn -0.00000000 -1.00000000 -0.00000000
vn -0.00000000 1.00000000 -0.00000000
vn -0.34020000 0.93740000 0.07390000
vn 0.21220000 0.00010000 0.97720000
vn -0.00000000 -1.00000000 -0.00000000
vn -0.97720000 -0.00000000 0.21220000
vn -0.21220000 -0.00000000 -0.97720000
vn -0.34020000 0.93750000 0.07380000
vn -0.21220000 -0.00000000 -0.97720000
vn -0.00000000 1.00000000 -0.00000000
vn -0.00000000 1.00000000 -0.00000000
vn 0.34020000 0.93740000 -0.07390000
vn 0.21200000 -0.00000000 0.97730000
vn 0.34020000 0.93750000 -0.07380000
vn -0.00000000 1.00000000 -0.00000000
vn -0.21220000 -0.00050000 -0.97720000
vn 0.21220000 0.00010000 0.97720000
vn -0.97720000 -0.00000000 0.21220000
vn -0.93620000 0.28670000 0.20330000
vn -0.93620000 0.28660000 0.20330000
vn -0.21200000 -0.00000000 -0.97730000
vn -0.97720000 -0.00000000 0.21220000
vn 0.21190000 -0.00000000 0.97730000
vn 0.34020000 0.93740000 -0.07390000
vn 0.93620000 0.28660000 -0.20330000
vn -0.21220000 0.00010000 -0.97720000
vn 0.93630000 0.28650000 -0.20330000
vn 0.34020000 0.93750000 -0.07380000
vn -0.34020000 0.93740000 0.07390000
vn -0.93620000 0.28670000 0.20330000
vn 0.21220000 0.00020000 0.97720000
vn -0.21220000 -0.00000000 -0.97720000
vn -0.93620000 0.28660000 0.20330000
vn -0.34020000 0.93750000 0.07380000
vn -0.00000000 -1.00000000 -0.00000000
vn 0.98200000 -0.00000000 -0.18910000
vn 0.18910000 -0.00000000 0.98200000
vn 0.98200000 -0.00000000 -0.18910000
vn 0.18960000 -0.00000000 0.98190000
vn 0.94070000 0.28670000 -0.18120000
vn -0.18910000 -0.00000000 -0.98200000
vn 0.98200000 -0.00000000 -0.18910000
vn -0.00000000 -1.00000000 -0.00000000
vn 0.98200000 -0.00000000 -0.18910000
vn -0.18910000 -0.00010000 -0.98200000
vn 0.94070000 0.28670000 -0.18120000
vn -0.00000000 -1.00000000 -0.00000000
vn -0.98200000 -0.00000000 0.18910000
vn 0.18910000 -0.00000000 0.98200000
vn 0.18920000 0.00020000 0.98190000
vn -0.00000000 1.00000000 -0.00000000
vn -0.34190000 0.93740000 0.06580000
vn -0.18910000 -0.00000000 -0.98200000
vn -0.98200000 -0.00000000 0.18910000
vn -0.00000000 -1.00000000 -0.00000000
vn -0.34180000 0.93740000 0.06580000
vn -0.00000000 1.00000000 -0.00000000
vn -0.18920000 -0.00000000 -0.98190000
vn 0.18900000 -0.00000000 0.98200000
vn -0.00000000 1.00000000 -0.00000000
vn 0.34180000 0.93740000 -0.06580000
vn 0.34190000 0.93740000 -0.06580000
vn -0.00000000 1.00000000 -0.00000000
vn -0.18910000 0.00100000 -0.98200000
vn -0.94070000 0.28670000 0.18120000
vn 0.18920000 -0.00000000 0.98190000
vn -0.98200000 -0.00000000 0.18910000
vn -0.18820000 -0.00000000 -0.98210000
vn -0.94080000 0.28660000 0.18120000
vn -0.98200000 -0.00000000 0.18910000
vn 0.18880000 -0.00000000 0.98200000
vn 0.94070000 0.28670000 -0.18120000
vn 0.34180000 0.93740000 -0.06580000
vn 0.94070000 0.28670000 -0.18120000
vn 0.34190000 0.93740000 -0.06580000
vn -0.18910000 -0.00010000 -0.98200000
vn 0.18920000 -0.00000000 0.98190000
vn -0.34190000 0.93740000 0.06580000
vn -0.94070000 0.28670000 0.18120000
vn -0.94080000 0.28660000 0.18120000
vn -0.18910000 -0.00000000 -0.98200000
vn -0.34180000 0.93740000 0.06580000
vn -0.00000000 -1.00000000 -0.00000000
vn 0.09390000 -0.00000000 0.99560000
vn 0.99560000 -0.00000000 -0.09400000
vn 0.99560000 -0.00000000 -0.09400000
vn 0.09320000 -0.00000000 0.99560000
vn 0.95380000 0.28680000 -0.09000000
vn -0.00000000 -1.00000000 -0.00000000
vn -0.09400000 -0.00000000 -0.99560000
vn 0.99560000 -0.00000000 -0.09400000
vn 0.95370000 0.28690000 -0.09000000
vn 0.99560000 -0.00000000 -0.09400000
vn -0.09400000 -0.00010000 -0.99560000
vn -0.99560000 -0.00000000 0.09400000
vn -0.00000000 -1.00000000 -0.00000000
vn 0.09390000 -0.00000000 0.99560000
vn -0.00000000 1.00000000 -0.00000000
vn 0.09400000 -0.00000000 0.99560000
vn -0.34660000 0.93740000 0.03270000
vn -0.09400000 -0.00000000 -0.99560000
vn -0.99560000 -0.00000000 0.09400000
vn -0.00000000 -1.00000000 -0.00000000
vn -0.09400000 -0.00000000 -0.99560000
vn -0.34660000 0.93740000 0.03270000
vn -0.00000000 1.00000000 -0.00000000
vn -0.00000000 1.00000000 -0.00000000
vn 0.09390000 -0.00000000 0.99560000
vn 0.34660000 0.93740000 -0.03270000
vn -0.09400000 -0.00000000 -0.99560000
vn 0.34670000 0.93740000 -0.03270000
vn -0.00000000 1.00000000 -0.00000000
vn 0.09400000 -0.00000000 0.99560000
vn -0.99560000 -0.00000000 0.09400000
vn -0.95380000 0.28680000 0.09000000
vn -0.09420000 -0.00000000 -0.99560000
vn -0.99560000 -0.00000000 0.09400000
vn -0.95380000 0.28650000 0.09000000
vn 0.95380000 0.28680000 -0.09000000
vn 0.09380000 -0.00000000 0.99560000
vn 0.34660000 0.93740000 -0.03270000
vn 0.95370000 0.28690000 -0.09000000
vn 0.34670000 0.93740000 -0.03270000
vn -0.09400000 -0.00010000 -0.99560000
vn 0.09400000 -0.00000000 0.99560000
vn -0.95380000 0.28680000 0.09000000
vn -0.34660000 0.93740000 0.03270000
vn -0.34660000 0.93740000 0.03270000
vn -0.09400000 -0.00000000 -0.99560000
vn -0.95380000 0.28650000 0.09000000
vn -0.00000000 -1.00000000 -0.00000000
vn 0.09400000 -0.00000000 0.99560000
vn 0.99560000 -0.00000000 -0.09400000
vn 0.09450000 -0.00000000 0.99550000
vn 0.99560000 -0.00000000 -0.09400000
vn 0.95380000 0.28670000 -0.09000000
vn -0.09400000 -0.00000000 -0.99560000
vn -0.00000000 -1.00000000 -0.00000000
vn 0.99560000 -0.00000000 -0.09400000
vn 0.99560000 -0.00000000 -0.09400000
vn -0.09400000 -0.00010000 -0.99560000
vn 0.95380000 0.28660000 -0.09000000
vn -0.99560000 -0.00000000 0.09400000
vn 0.09400000 -0.00000000 0.99560000
vn -0.00000000 -1.00000000 -0.00000000
vn -0.00000000 1.00000000 -0.00000000
vn -0.34660000 0.93740000 0.03270000
vn 0.09400000 -0.00010000 0.99560000
vn -0.09400000 -0.00000000 -0.99560000
vn -0.99560000 -0.00000000 0.09400000
vn -0.00000000 -1.00000000 -0.00000000
vn -0.00000000 1.00000000 -0.00000000
vn -0.09400000 -0.00000000 -0.99560000
vn -0.34650000 0.93750000 0.03270000
vn 0.09390000 -0.00000000 0.99560000
vn 0.34670000 0.93740000 -0.03270000
vn -0.00000000 1.00000000 -0.00000000
vn -0.00000000 1.00000000 -0.00000000
vn -0.09400000 -0.00000000 -0.99560000
vn 0.34660000 0.93740000 -0.03270000
vn -0.99560000 -0.00000000 0.09400000
vn 0.09400000 -0.00000000 0.99560000
vn -0.95380000 0.28670000 0.09000000
vn -0.09370000 -0.00000000 -0.99560000
vn -0.95380000 0.28660000 0.09000000
vn -0.99560000 -0.00000000 0.09400000
vn 0.95380000 0.28670000 -0.09000000
vn 0.09390000 -0.00000000 0.99560000
vn 0.34670000 0.93740000 -0.03270000
vn -0.09400000 -0.00010000 -0.99560000
vn 0.95380000 0.28660000 -0.09000000
vn 0.34660000 0.93740000 -0.03270000
vn -0.34660000 0.93740000 0.03270000
vn -0.95380000 0.28670000 0.09000000
vn 0.09400000 -0.00010000 0.99560000
vn -0.09390000 -0.00000000 -0.99560000
vn -0.34650000 0.93750000 0.03270000
vn -0.95380000 0.28660000 0.09000000
vn 0.99490000 -0.00000000 -0.10090000
vn -0.00000000 -1.00000000 -0.00000000
vn 0.10090000 -0.00000000 0.99490000
vn 0.99490000 -0.00000000 -0.10090000
vn 0.10050000 -0.00000000 0.99490000
vn 0.95310000 0.28670000 -0.09670000
vn -0.00000000 -1.00000000 -0.00000000
vn 0.99490000 -0.00000000 -0.10090000
vn -0.10090000 -0.00000000 -0.99490000
vn 0.99490000 -0.00000000 -0.10090000
vn 0.95310000 0.28670000 -0.09670000
vn -0.10090000 0.00020000 -0.99490000
vn 0.10090000 -0.00000000 0.99490000
vn -0.99490000 -0.00000000 0.10090000
vn -0.00000000 -1.00000000 -0.00000000
vn -0.34630000 0.93740000 0.03510000
vn -0.00000000 1.00000000 -0.00000000
vn 0.10090000 0.00170000 0.99490000
vn -0.99490000 -0.00000000 0.10090000
vn -0.00000000 -1.00000000 -0.00000000
vn -0.10090000 -0.00000000 -0.99490000
vn -0.00000000 1.00000000 -0.00000000
vn -0.10110000 -0.00000000 -0.99490000
vn -0.34640000 0.93740000 0.03510000
vn 0.10100000 -0.00000000 0.99490000
vn 0.34640000 0.93740000 -0.03510000
vn -0.00000000 1.00000000 -0.00000000
vn -0.10080000 -0.00000000 -0.99490000
vn 0.34630000 0.93750000 -0.03510000
vn -0.00000000 1.00000000 -0.00000000
vn 0.10090000 -0.00020000 0.99490000
vn -0.95310000 0.28670000 0.09670000
vn -0.99490000 -0.00000000 0.10090000
vn -0.99490000 -0.00000000 0.10090000
vn -0.95310000 0.28670000 0.09670000
vn -0.10060000 -0.00000000 -0.99490000
vn 0.10110000 -0.00000000 0.99490000
vn 0.34640000 0.93740000 -0.03510000
vn 0.95310000 0.28670000 -0.09670000
vn -0.10080000 0.00050000 -0.99490000
vn 0.34630000 0.93750000 -0.03510000
vn 0.95310000 0.28670000 -0.09670000
vn -0.95310000 0.28670000 0.09670000
vn 0.10090000 -0.00020000 0.99490000
vn -0.34630000 0.93740000 0.03510000
vn -0.10130000 -0.00000000 -0.99490000
vn -0.34640000 0.93740000 0.03510000
vn -0.95310000 0.28670000 0.09670000
vn 1.00000000 -0.00000000 -0.00720000
vn -0.00720000 -0.00000000 -1.00000000
vn -0.00000000 -1.00000000 -0.00000000
vn -0.00690000 0.28660000 -0.95800000
vn -0.00720000 -0.00000000 -1.00000000
vn 1.00000000 -0.00000000 -0.00770000
vn -1.00000000 -0.00000000 0.00730000
vn -0.00000000 -1.00000000 -0.00000000
vn -0.00720000 -0.00000000 -1.00000000
vn -0.00690000 0.28640000 -0.95810000
vn -0.00720000 -0.00000000 -1.00000000
vn -1.00000000 0.00020000 0.00720000
vn 0.00720000 -0.00000000 1.00000000
vn -0.00000000 -1.00000000 -0.00000000
vn 1.00000000 -0.00000000 -0.00720000
vn 1.00000000 -0.00000000 -0.00720000
vn 0.00250000 0.93750000 0.34810000
vn -0.00000000 1.00000000 -0.00000000
vn -1.00000000 -0.00000000 0.00730000
vn -0.00000000 -1.00000000 -0.00000000
vn 0.00720000 -0.00000000 1.00000000
vn 0.00250000 0.93750000 0.34810000
vn -0.00000000 1.00000000 -0.00000000
vn -1.00000000 -0.00000000 0.00710000
vn -0.00000000 1.00000000 -0.00000000
vn 1.00000000 -0.00000000 -0.00720000
vn -0.00250000 0.93740000 -0.34820000
vn -0.00250000 0.93750000 -0.34810000
vn -1.00000000 -0.00010000 0.00720000
vn -0.00000000 1.00000000 -0.00000000
vn 0.00690000 0.28660000 0.95800000
vn 1.00000000 0.00010000 -0.00720000
vn 0.00720000 -0.00000000 1.00000000
vn 0.00720000 -0.00000000 1.00000000
vn 0.00690000 0.28660000 0.95800000
vn -1.00000000 -0.00000000 0.00770000
vn 1.00000000 -0.00000000 -0.00720000
vn -0.00250000 0.93740000 -0.34820000
vn -0.00690000 0.28660000 -0.95800000
vn -0.00250000 0.93750000 -0.34810000
vn -1.00000000 0.00040000 0.00720000
vn -0.00690000 0.28640000 -0.95810000
vn 0.00690000 0.28660000 0.95800000
vn 1.00000000 0.00010000 -0.00720000
vn 0.00250000 0.93750000 0.34810000
vn -1.00000000 -0.00000000 0.00700000
vn 0.00690000 0.28660000 0.95800000
vn 0.00250000 0.93750000 0.34810000
vt 0.01445000 0.81459600
vt 0.80842500 0.14003200
vt 0.98778000 0.19278700
vt 0.48843400 0.81459500
vt 0.51379300 0.19278600
vt 0.48843400 0.81459500
vt 0.01445000 0.20455100
vt 0.01497500 0.19308400
vt 0.19837300 0.14003200
vt 0.48843400 0.20455100
vt 0.48896100 0.19309800
vt 0.48843400 0.20455100
vt 0.80842500 0.16221500
vt 0.98804900 0.81459500
vt 0.98778000 0.17060300
vt 0.51083300 0.17356300
vt 0.50938100 0.81459500
vt 0.50938100 0.81459500
vt 0.98804900 0.20455100
vt 0.01497500 0.17090000
vt 0.19837300 0.16221500
vt 0.49192100 0.17387500
vt 0.50938100 0.20455100
vt 0.50938100 0.20455100
vt 0.51083300 0.18982700
vt 0.49311600 0.81459500
vt 0.49311600 0.81459500
vt 0.49311600 0.20455100
vt 0.49311600 0.20455100
vt 0.49192100 0.19013800
vt 0.51379300 0.17060300
vt 0.51406500 0.81459500
vt 0.51406500 0.81459500
vt 0.48896200 0.17091500
vt 0.51406400 0.20455100
vt 0.51406400 0.20455100
vt 0.49077500 0.81459500
vt 0.51157300 0.19204600
vt 0.49077500 0.81459500
vt 0.49077500 0.20455100
vt 0.49118100 0.19235800
vt 0.49077500 0.20455100
vt 0.51172300 0.81459500
vt 0.51172300 0.81459500
vt 0.51157300 0.17134300
vt 0.49118200 0.17165500
vt 0.51172300 0.20455100
vt 0.51172300 0.20455100
vt 0.98778000 0.19278700
vt 0.01445000 0.81459600
vt 0.80842500 0.14003200
vt 0.51379300 0.19278600
vt 0.48843400 0.81459500
vt 0.48843400 0.81459500
vt 0.01445000 0.20455100
vt 0.19837300 0.14003200
vt 0.01497500 0.19308400
vt 0.48843400 0.20455100
vt 0.48843400 0.20455100
vt 0.48896100 0.19309800
vt 0.98804900 0.81459500
vt 0.80842500 0.16221500
vt 0.98778000 0.17060300
vt 0.50938100 0.81459500
vt 0.50938100 0.81459500
vt 0.51083300 0.17356300
vt 0.01497500 0.17090000
vt 0.19837300 0.16221500
vt 0.98804900 0.20455100
vt 0.50938100 0.20455100
vt 0.50938100 0.20455100
vt 0.49192100 0.17387500
vt 0.49311600 0.81459500
vt 0.49311600 0.81459500
vt 0.51083300 0.18982700
vt 0.49311600 0.20455100
vt 0.49192100 0.19013800
vt 0.49311600 0.20455100
vt 0.51406500 0.81459500
vt 0.51406500 0.81459500
vt 0.51379300 0.17060300
vt 0.51406400 0.20455100
vt 0.48896200 0.17091500
vt 0.51406400 0.20455100
vt 0.49077500 0.81459500
vt 0.51157300 0.19204600
vt 0.49077500 0.81459500
vt 0.49077500 0.20455100
vt 0.49118100 0.19235800
vt 0.49077500 0.20455100
vt 0.51172300 0.81459500
vt 0.51157300 0.17134300
vt 0.51172300 0.81459500
vt 0.49118200 0.17165500
vt 0.51172300 0.20455100
vt 0.51172300 0.20455100
vt 0.80842500 0.14003200
vt 0.98778000 0.19278700
vt 0.01445000 0.81459600
vt 0.48843400 0.81459500
vt 0.51379300 0.19278600
vt 0.48843400 0.81459500
vt 0.19837300 0.14003200
vt 0.01497500 0.19308400
vt 0.01445000 0.20455100
vt 0.48843400 0.20455100
vt 0.48896100 0.19309800
vt 0.48843400 0.20455100
vt 0.98778000 0.17060300
vt 0.98804900 0.81459500
vt 0.80842500 0.16221500
vt 0.50938100 0.81459500
vt 0.50938100 0.81459500
vt 0.51083300 0.17356300
vt 0.19837300 0.16221500
vt 0.98804900 0.20455100
vt 0.01497500 0.17090000
vt 0.50938100 0.20455100
vt 0.49192100 0.17387500
vt 0.50938100 0.20455100
vt 0.49311600 0.81459500
vt 0.49311600 0.81459500
vt 0.51083300 0.18982700
vt 0.49311600 0.20455100
vt 0.49311600 0.20455100
vt 0.49192100 0.19013800
vt 0.51379300 0.17060300
vt 0.51406500 0.81459500
vt 0.51406500 0.81459500
vt 0.51406400 0.20455100
vt 0.48896200 0.17091500
vt 0.51406400 0.20455100
vt 0.51157300 0.19204600
vt 0.49077500 0.81459500
vt 0.49077500 0.81459500
vt 0.49118100 0.19235800
vt 0.49077500 0.20455100
vt 0.49077500 0.20455100
vt 0.51172300 0.81459500
vt 0.51172300 0.81459500
vt 0.51157300 0.17134300
vt 0.49118200 0.17165500
vt 0.51172300 0.20455100
vt 0.51172300 0.20455100
vt 0.80842500 0.14003200
vt 0.01445000 0.81459600
vt 0.98778000 0.19278700
vt 0.48843400 0.81459500
vt 0.51379300 0.19278600
vt 0.48843400 0.81459500
vt 0.01497500 0.19308400
vt 0.01445000 0.20455100
vt 0.19837300 0.14003200
vt 0.48843400 0.20455100
vt 0.48896100 0.19309800
vt 0.48843400 0.20455100
vt 0.80842500 0.16221500
vt 0.98804900 0.81459500
vt 0.98778000 0.17060300
vt 0.51083300 0.17356300
vt 0.50938100 0.81459500
vt 0.50938100 0.81459500
vt 0.01497500 0.17090000
vt 0.98804900 0.20455100
vt 0.19837300 0.16221500
vt 0.50938100 0.20455100
vt 0.50938100 0.20455100
vt 0.49192100 0.17387500
vt 0.51083300 0.18982700
vt 0.49311600 0.81459500
vt 0.49311600 0.81459500
vt 0.49311600 0.20455100
vt 0.49311600 0.20455100
vt 0.49192100 0.19013800
vt 0.51406500 0.81459500
vt 0.51379300 0.17060300
vt 0.51406500 0.81459500
vt 0.48896200 0.17091500
vt 0.51406400 0.20455100
vt 0.51406400 0.20455100
vt 0.51157300 0.19204600
vt 0.49077500 0.81459500
vt 0.49077500 0.81459500
vt 0.49077500 0.20455100
vt 0.49077500 0.20455100
vt 0.49118100 0.19235800
vt 0.51157300 0.17134300
vt 0.51172300 0.81459500
vt 0.51172300 0.81459500
vt 0.51172300 0.20455100
vt 0.49118200 0.17165500
vt 0.51172300 0.20455100
vt 0.80842500 0.14003200
vt 0.98778000 0.19278700
vt 0.01445000 0.81459600
vt 0.48843400 0.81459500
vt 0.51379300 0.19278600
vt 0.48843400 0.81459500
vt 0.19837300 0.14003200
vt 0.01497500 0.19308400
vt 0.01445000 0.20455100
vt 0.48843400 0.20455100
vt 0.48843400 0.20455100
vt 0.48896100 0.19309800
vt 0.98804900 0.81459500
vt 0.80842500 0.16221500
vt 0.98778000 0.17060300
vt 0.50938100 0.81459500
vt 0.51083300 0.17356300
vt 0.50938100 0.81459500
vt 0.01497500 0.17090000
vt 0.98804900 0.20455100
vt 0.19837300 0.16221500
vt 0.49192100 0.17387500
vt 0.50938100 0.20455100
vt 0.50938100 0.20455100
vt 0.49311600 0.81459500
vt 0.51083300 0.18982700
vt 0.49311600 0.81459500
vt 0.49192100 0.19013800
vt 0.49311600 0.20455100
vt 0.49311600 0.20455100
vt 0.51379300 0.17060300
vt 0.51406500 0.81459500
vt 0.51406500 0.81459500
vt 0.48896200 0.17091500
vt 0.51406400 0.20455100
vt 0.51406400 0.20455100
vt 0.49077500 0.81459500
vt 0.51157300 0.19204600
vt 0.49077500 0.81459500
vt 0.49077500 0.20455100
vt 0.49077500 0.20455100
vt 0.49118100 0.19235800
vt 0.51157300 0.17134300
vt 0.51172300 0.81459500
vt 0.51172300 0.81459500
vt 0.51172300 0.20455100
vt 0.49118200 0.17165500
vt 0.51172300 0.20455100
vt 0.80842500 0.14003200
vt 0.98778000 0.19278700
vt 0.01445000 0.81459600
vt 0.51379300 0.19278600
vt 0.48843400 0.81459500
vt 0.48843400 0.81459500
vt 0.01497500 0.19308400
vt 0.19837300 0.14003200
vt 0.01445000 0.20455100
vt 0.48843400 0.20455100
vt 0.48896100 0.19309800
vt 0.48843400 0.20455100
vt 0.98804900 0.81459500
vt 0.98778000 0.17060300
vt 0.80842500 0.16221500
vt 0.50938100 0.81459500
vt 0.50938100 0.81459500
vt 0.51083300 0.17356300
vt 0.01497500 0.17090000
vt 0.98804900 0.20455100
vt 0.19837300 0.16221500
vt 0.50938100 0.20455100
vt 0.49192100 0.17387500
vt 0.50938100 0.20455100
vt 0.51083300 0.18982700
vt 0.49311600 0.81459500
vt 0.49311600 0.81459500
vt 0.49311600 0.20455100
vt 0.49192100 0.19013800
vt 0.49311600 0.20455100
vt 0.51406500 0.81459500
vt 0.51379300 0.17060300
vt 0.51406500 0.81459500
vt 0.48896200 0.17091500
vt 0.51406400 0.20455100
vt 0.51406400 0.20455100
vt 0.49077500 0.81459500
vt 0.51157300 0.19204600
vt 0.49077500 0.81459500
vt 0.49118100 0.19235800
vt 0.49077500 0.20455100
vt 0.49077500 0.20455100
vt 0.51172300 0.81459500
vt 0.51172300 0.81459500
vt 0.51157300 0.17134300
vt 0.49118200 0.17165500
vt 0.51172300 0.20455100
vt 0.51172300 0.20455100
vt 0.01445000 0.81459600
vt 0.80842500 0.14003200
vt 0.98778000 0.19278700
vt 0.48843400 0.81459500
vt 0.51379300 0.19278600
vt 0.48843400 0.81459500
vt 0.19837300 0.14003200
vt 0.01445000 0.20455100
vt 0.01497500 0.19308400
vt 0.48843400 0.20455100
vt 0.48843400 0.20455100
vt 0.48896100 0.19309800
vt 0.98778000 0.17060300
vt 0.98804900 0.81459500
vt 0.80842500 0.16221500
vt 0.50938100 0.81459500
vt 0.50938100 0.81459500
vt 0.51083300 0.17356300
vt 0.98804900 0.20455100
vt 0.19837300 0.16221500
vt 0.01497500 0.17090000
vt 0.50938100 0.20455100
vt 0.49192100 0.17387500
vt 0.50938100 0.20455100
vt 0.51083300 0.18982700
vt 0.49311600 0.81459500
vt 0.49311600 0.81459500
vt 0.49192100 0.19013800
vt 0.49311600 0.20455100
vt 0.49311600 0.20455100
vt 0.51379300 0.17060300
vt 0.51406500 0.81459500
vt 0.51406500 0.81459500
vt 0.51406400 0.20455100
vt 0.51406400 0.20455100
vt 0.48896200 0.17091500
vt 0.51157300 0.19204600
vt 0.49077500 0.81459500
vt 0.49077500 0.81459500
vt 0.49118100 0.19235800
vt 0.49077500 0.20455100
vt 0.49077500 0.20455100
vt 0.51172300 0.81459500
vt 0.51157300 0.17134300
vt 0.51172300 0.81459500
vt 0.49118200 0.17165500
vt 0.51172300 0.20455100
vt 0.51172300 0.20455100
vt 0.98778000 0.19278700
vt 0.01445000 0.81459600
vt 0.80842500 0.14003200
vt 0.48843400 0.81459500
vt 0.48843400 0.81459500
vt 0.51379300 0.19278600
vt 0.01497500 0.19308400
vt 0.19837300 0.14003200
vt 0.01445000 0.20455100
vt 0.48843400 0.20455100
vt 0.48843400 0.20455100
vt 0.48896100 0.19309800
vt 0.98804900 0.81459500
vt 0.80842500 0.16221500
vt 0.98778000 0.17060300
vt 0.51083300 0.17356300
vt 0.50938100 0.81459500
vt 0.50938100 0.81459500
vt 0.01497500 0.17090000
vt 0.19837300 0.16221500
vt 0.98804900 0.20455100
vt 0.50938100 0.20455100
vt 0.50938100 0.20455100
vt 0.49192100 0.17387500
vt 0.49311600 0.81459500
vt 0.51083300 0.18982700
vt 0.49311600 0.81459500
vt 0.49311600 0.20455100
vt 0.49192100 0.19013800
vt 0.49311600 0.20455100
vt 0.51406500 0.81459500
vt 0.51379300 0.17060300
vt 0.51406500 0.81459500
vt 0.51406400 0.20455100
vt 0.51406400 0.20455100
vt 0.48896200 0.17091500
vt 0.51157300 0.19204600
vt 0.49077500 0.81459500
vt 0.49077500 0.81459500
vt 0.49077500 0.20455100
vt 0.49118100 0.19235800
vt 0.49077500 0.20455100
vt 0.51172300 0.81459500
vt 0.51157300 0.17134300
vt 0.51172300 0.81459500
vt 0.49118200 0.17165500
vt 0.51172300 0.20455100
vt 0.51172300 0.20455100
f 1/1/1 7/7/7 12/12/12
f 12/12/12 4/4/4 1/1/1
f 14/14/14 33/33/33 35/35/35
f 35/35/35 19/19/19 14/14/14
f 3/3/3 5/5/5 38/38/38
f 3/3/3 38/38/38 25/25/25
f 25/25/25 16/16/16 45/45/45
f 25/25/25 45/45/45 31/31/31
f 3/3/3 25/25/25 31/31/31
f 3/3/3 31/31/31 15/15/15
f 27/27/27 29/29/29 23/23/23
f 23/23/23 18/18/18 27/27/27
f 11/11/11 8/8/8 20/20/20
f 20/20/20 34/34/34 46/46/46
f 20/20/20 46/46/46 22/22/22
f 11/11/11 20/20/20 22/22/22
f 41/41/41 11/11/11 22/22/22
f 30/30/30 41/41/41 22/22/22
f 9/9/9 2/2/2 13/13/13
f 13/13/13 21/21/21 9/9/9
f 39/39/39 6/6/6 10/10/10
f 10/10/10 40/40/40 39/39/39
f 48/48/48 36/36/36 32/32/32
f 32/32/32 43/43/43 48/48/48
f 26/26/26 37/37/37 42/42/42
f 42/42/42 28/28/28 26/26/26
f 24/24/24 47/47/47 44/44/44
f 44/44/44 17/17/17 24/24/24
f 50/50/50 55/55/55 59/59/59
f 59/59/59 53/53/53 50/50/50
f 61/61/61 80/80/80 84/84/84
f 84/84/84 69/69/69 61/61/61
f 49/49/49 52/52/52 86/86/86
f 49/49/49 86/86/86 75/75/75
f 75/75/75 66/66/66 92/92/92
f 75/75/75 92/92/92 81/81/81
f 49/49/49 75/75/75 81/81/81
f 49/49/49 81/81/81 63/63/63
f 74/74/74 76/76/76 70/70/70
f 70/70/70 65/65/65 74/74/74
f 60/60/60 57/57/57 67/67/67
f 67/67/67 83/83/83 94/94/94
f 67/67/67 94/94/94 72/72/72
f 60/60/60 67/67/67 72/72/72
f 89/89/89 60/60/60 72/72/72
f 77/77/77 89/89/89 72/72/72
f 56/56/56 51/51/51 62/62/62
f 62/62/62 68/68/68 56/56/56
f 85/85/85 54/54/54 58/58/58
f 58/58/58 88/88/88 85/85/85
f 96/96/96 82/82/82 79/79/79
f 79/79/79 91/91/91 96/96/96
f 73/73/73 87/87/87 90/90/90
f 90/90/90 78/78/78 73/73/73
f 71/71/71 95/95/95 93/93/93
f 93/93/93 64/64/64 71/71/71
f 99/99/99 105/105/105 106/106/106
f 106/106/106 100/100/100 99/99/99
f 110/110/110 128/128/128 132/132/132
f 132/132/132 116/116/116 110/110/110
f 98/98/98 101/101/101 133/133/133
f 98/98/98 133/133/133 123/123/123
f 123/123/123 114/114/114 141/141/141
f 123/123/123 141/141/141 127/127/127
f 98/98/98 123/123/123 127/127/127
f 98/98/98 127/127/127 109/109/109
f 121/121/121 125/125/125 120/120/120
f 120/120/120 112/112/112 121/121/121
f 107/107/107 104/104/104 117/117/117
f 117/117/117 131/131/131 142/142/142
f 117/117/117 142/142/142 119/119/119
f 107/107/107 117/117/117 119/119/119
f 136/136/136 107/107/107 119/119/119
f 126/126/126 136/136/136 119/119/119
f 103/103/103 97/97/97 111/111/111
f 111/111/111 115/115/115 103/103/103
f 135/135/135 102/102/102 108/108/108
